"school" "mathscore" "stu_ses"
"1" 1 52.11 -0.0599483039078208
"2" 1 57.65 1.05165224357876
"3" 1 66.44 -0.863514964741495
"4" 1 44.68 -0.79655107633869
"5" 1 40.57 -1.61351051485292
"6" 1 35.04 -1.15815607371384
"7" 1 50.71 0.636476135481364
"8" 1 66.17 0.0605866952172304
"9" 1 39.43 -1.06440662994991
"10" 1 46.17 -1.35904773892226
"11" 1 58.76 0.0338011398561079
"12" 1 47.97 0.234692805064526
"13" 1 39.18 -0.79655107633869
"14" 1 64.63 0.0605866952172304
"15" 1 69.38 1.60075612848177
"16" 1 32.38 0.569512247078557
"17" 1 29.98 0.355227804189578
"18" 1 59.32 -1.53315384876956
"19" 1 43.04 -0.48851718968578
"20" 1 57.83 1.85521890441244
"21" 1 46.07 -0.568873855769148
"22" 1 47.74 -0.649230521852515
"23" 1 48.66 -0.649230521852515
"24" 1 40.8 -1.35904773892226
"25" 1 66.32 -0.582266633449709
"26" 1 53.7 0.114157805939475
"27" 1 52.42 -1.06440662994991
"28" 1 71.38 0.623083357800802
"29" 1 59.66 0.91772446677315
"30" 1 47.52 0.0605866952172304
"31" 1 39.51 -1.27869107283889
"32" 2 57.57 1.58736335080121
"33" 2 42.4 -1.21172718443609
"34" 2 41.41 0.448977247953506
"35" 2 55.22 0.355227804189578
"36" 2 43.9 0.971295577495395
"37" 2 53.04 1.34629335255111
"38" 2 49 1.06504502125932
"39" 2 62.45 0.529333914036874
"40" 2 53.78 -0.274232746796801
"41" 2 49.08 -0.354589412880168
"42" 2 40.25 -1.01083551922767
"43" 2 43.08 -0.957264408505424
"44" 2 52.43 0.462370025634068
"45" 2 21.73 -1.09119218531104
"46" 2 53.68 -0.756372743297005
"47" 2 41.45 -0.193876080713433
"48" 2 45.47 0.676654468523047
"49" 2 34.06 -0.957264408505424
"50" 2 33.45 -0.542088300408025
"51" 2 60.78 1.39986446327335
"52" 2 35.92 -0.635837744171954
"53" 2 52.4 0.81058224532866
"54" 3 40.69 -1.02422829690823
"55" 3 43.22 -2.02868662295032
"56" 3 45.57 0.0338011398561079
"57" 3 46.73 0.770403912286976
"58" 3 49.2 -1.11797774067216
"59" 3 50.27 -0.91708607546374
"60" 3 42.79 -0.635837744171954
"61" 3 61.03 1.01147391053708
"62" 3 53.03 -0.48851718968578
"63" 3 37.98 -0.287625524477362
"64" 3 50.42 1.868611682093
"65" 3 54.19 0.27487113810621
"66" 3 55.95 -1.62690329253349
"67" 3 40.53 -0.475124412005219
"68" 3 55.59 -0.80994385401925
"69" 3 69.12 -1.03762107458879
"70" 3 54.18 1.88200445977356
"71" 3 41.88 -1.30547662820002
"72" 3 47.14 -0.836729409380373
"73" 3 42.86 0.582905024759119
"74" 3 49.12 -0.260839969116239
"75" 3 52.04 -1.07779940763047
"76" 3 38.34 0.435584470272945
"77" 4 55 0.502548358675751
"78" 4 54.23 -0.220661636074556
"79" 4 53.4 0.0605866952172304
"80" 4 34.34 1.44004279631504
"81" 4 48.07 -0.354589412880168
"82" 4 53.65 -0.180483303032872
"83" 4 46.6 0.181121694342282
"84" 4 60.93 1.49361390703728
"85" 4 56.3 0.248085582745088
"86" 4 31.21 -0.930478853144301
"87" 4 31.56 -1.13137051835272
"88" 4 31.53 -0.716194410255321
"89" 4 59.25 0.408798914911823
"90" 4 31.31 0.288263915786771
"91" 4 51.54 -0.79655107633869
"92" 4 57.84 -0.662623299533076
"93" 4 42.3 -0.501909967366342
"94" 4 56.57 0.770403912286976
"95" 4 43.38 1.01147391053708
"96" 5 33.3 -0.0867338592689433
"97" 5 33.24 0.248085582745088
"98" 5 39.66 -0.876907742422056
"99" 5 49.48 -0.394767745921852
"100" 5 24.88 -0.167090525352311
"101" 5 32.72 -1.26529829515833
"102" 5 51.1 -0.501909967366342
"103" 5 48.38 0.355227804189578
"104" 5 41.14 -0.876907742422056
"105" 5 27.89 -0.79655107633869
"106" 5 35.12 -0.742979965616444
"107" 5 28.26 0.623083357800802
"108" 5 47.54 0.00701558449498541
"109" 5 24.28 0.91772446677315
"110" 5 46.25 -0.716194410255321
"111" 5 37.99 1.07843779893988
"112" 5 39.1 -0.70280163257476
"113" 5 27.82 -1.19833440675553
"114" 5 31.98 -0.421553301282974
"115" 5 29.64 1.09183057662045
"116" 5 38.47 -0.421553301282974
"117" 6 39.92 -0.716194410255321
"118" 6 38.33 0.16772891666172
"119" 6 37.38 0.114157805939475
"120" 6 34.24 -0.113519414630066
"121" 6 39.49 0.783796689967537
"122" 6 40.33 0.984688355175956
"123" 6 36.46 0.234692805064526
"124" 6 38.03 -0.716194410255321
"125" 6 47.06 -0.863514964741495
"126" 6 40.75 -0.0197699708661371
"127" 6 38.4 -1.1045849629916
"128" 6 52.93 -0.140304969991188
"129" 6 26.14 -0.676016077213638
"130" 6 32.95 0.408798914911823
"131" 6 36.48 -1.42601162732507
"132" 6 44.63 0.408798914911823
"133" 7 42.71 0.676654468523047
"134" 7 40.72 -0.943871630824863
"135" 7 36.7 0.850760578370343
"136" 7 48.91 0.408798914911823
"137" 7 36.11 -1.54654662645012
"138" 7 36.46 0.0739794728977916
"139" 7 32.08 -0.783158298658128
"140" 7 47.58 0.435584470272945
"141" 7 34.62 -0.769765520977566
"142" 7 39.79 -0.247447191435678
"143" 7 48.43 0.100765028258914
"144" 7 37 0.408798914911823
"145" 7 33.62 -0.823336631699811
"146" 7 49.87 -1.07779940763047
"147" 7 35.84 -0.943871630824863
"148" 7 46.25 1.78825501600963
"149" 8 38.48 -0.260839969116239
"150" 8 43.39 0.0204083621755467
"151" 8 61.3 1.78825501600963
"152" 8 58.4 -0.341196635199607
"153" 8 41.75 0.998081132856517
"154" 8 41.86 -0.0465555262272595
"155" 8 55.91 0.315049471147894
"156" 8 42.07 -0.0331627485466983
"157" 8 36.3 -0.984049963866546
"158" 8 42.6 0.569512247078557
"159" 8 42.65 -0.0599483039078208
"160" 8 44.02 0.248085582745088
"161" 8 47.64 -0.327803857519046
"162" 8 66.83 -0.167090525352311
"163" 8 47.41 0.0605866952172304
"164" 8 61.74 0.716832801564731
"165" 8 54.13 1.81504057137075
"166" 8 43.8 -0.649230521852515
"167" 8 41.02 0.3820133595507
"168" 8 80 1.17218724270381
"169" 8 47.67 -0.287625524477362
"170" 8 35.73 0.636476135481364
"171" 9 53.08 0.743618356925854
"172" 9 56.46 1.52039946239841
"173" 9 44.66 0.783796689967537
"174" 9 51.6 1.2793294641483
"175" 9 46.42 0.422191692592384
"176" 9 41.11 -0.689408854894199
"177" 9 39.67 0.676654468523047
"178" 9 48.66 1.15879446502325
"179" 9 48.99 -0.501909967366342
"180" 9 52.12 0.663261690842486
"181" 9 43.04 0.957902799814833
"182" 9 42.9 -0.970657186185985
"183" 9 64.95 -0.073341081588382
"184" 9 36.89 0.0605866952172304
"185" 9 53.68 1.61414890616233
"186" 9 55.06 -0.930478853144301
"187" 9 46.62 -0.394767745921852
"188" 9 43.12 0.16772891666172
"189" 9 44.06 -0.0867338592689433
"190" 9 57.07 2.02932501425973
"191" 9 39.24 1.46682835167616
"192" 9 64.21 0.716832801564731
"193" 9 48.96 0.716832801564731
"194" 9 57.18 0.59629780243968
"195" 10 43.19 0.797189467648099
"196" 10 39.72 0.16772891666172
"197" 10 47.76 0.408798914911823
"198" 10 33.5 1.01147391053708
"199" 10 30.87 -0.676016077213638
"200" 10 34.06 -0.301018302157923
"201" 10 43.95 0.823975023009221
"202" 10 37.08 0.288263915786771
"203" 10 49.7 0.181121694342282
"204" 10 49.83 -0.140304969991188
"205" 10 35.36 0.3820133595507
"206" 10 53.48 0.355227804189578
"207" 10 34.91 -1.38583329428338
"208" 10 43.36 1.07843779893988
"209" 10 49.23 -0.394767745921852
"210" 10 27.9 -0.756372743297005
"211" 10 56.5 -0.542088300408025
"212" 10 28.83 1.07843779893988
"213" 11 60.86 1.33290057487055
"214" 11 60.7 1.58736335080121
"215" 11 67.69 1.34629335255111
"216" 11 61.74 2.3507516785932
"217" 11 46.47 0.757011134606415
"218" 11 56.55 0.341835026509016
"219" 11 65.89 1.42665001863448
"220" 11 47.89 -0.327803857519046
"221" 11 63.34 1.78825501600963
"222" 11 44.12 1.25254390878718
"223" 11 62.18 0.837367800689782
"224" 12 45.18 -0.756372743297005
"225" 12 29.99 -1.86797329078359
"226" 12 63.71 0.328442248828455
"227" 12 59.97 0.422191692592384
"228" 12 65.09 -0.314411079838484
"229" 12 64.5 2.1096816803431
"230" 12 53.72 2.33735890091264
"231" 12 62.08 1.84182612673187
"232" 12 46.41 -1.65368884789461
"233" 12 62.56 1.94896834817637
"234" 12 27.04 0.448977247953506
"235" 12 61.06 -0.649230521852515
"236" 12 39.03 -0.957264408505424
"237" 12 41.68 -0.274232746796801
"238" 12 50.54 -0.70280163257476
"239" 12 41.53 -1.22511996211665
"240" 12 35.41 -0.0867338592689433
"241" 12 64.69 -0.863514964741495
"242" 12 38.45 -0.59565941113027
"243" 12 32.06 0.448977247953506
"244" 12 41.42 0.676654468523047
"245" 12 79.01 1.68111279456514
"246" 12 47.2 -1.1715488513944
"247" 12 41.93 -0.689408854894199
"248" 12 68.93 2.13646723570422
"249" 12 67.64 1.0382594658982
"250" 12 53.5 -0.903693297783179
"251" 12 34.03 -0.0867338592689433
"252" 12 45.83 -1.38583329428338
"253" 12 51.62 -1.21172718443609
"254" 13 49.08 0.730225579245292
"255" 13 63.32 0.716832801564731
"256" 13 45.7 -0.314411079838484
"257" 13 50.52 2.08289612498198
"258" 13 54.41 1.35968613023167
"259" 13 46.11 0.70344002388417
"260" 13 46.81 1.46682835167616
"261" 13 55.59 0.569512247078557
"262" 13 41.36 0.0605866952172304
"263" 13 63.6 -0.0197699708661371
"264" 13 51.93 -1.11797774067216
"265" 13 35.46 2.20343112410703
"266" 13 59.07 0.301656693467333
"267" 13 53.82 0.529333914036874
"268" 13 37.53 -1.22511996211665
"269" 13 48.66 -0.0867338592689433
"270" 13 57.47 -0.367982190560729
"271" 13 33.41 0.502548358675751
"272" 13 45.55 0.154336138981159
"273" 14 53.66 -1.42601162732507
"274" 14 63.85 1.05165224357876
"275" 14 50.86 0.0338011398561079
"276" 14 65.24 -0.394767745921852
"277" 14 74.73 1.9355755704958
"278" 14 56.98 1.11861613198157
"279" 14 47.92 0.81058224532866
"280" 14 52.15 1.34629335255111
"281" 14 51.38 0.663261690842486
"282" 14 72.17 1.02486668821764
"283" 14 45.71 0.663261690842486
"284" 14 61.74 1.61414890616233
"285" 14 55.51 0.341835026509016
"286" 14 62.97 0.261478360425649
"287" 14 63.22 0.288263915786771
"288" 14 59.2 0.864153356050905
"289" 14 64.09 0.81058224532866
"290" 14 55.36 2.24360945714871
"291" 15 64.33 1.25254390878718
"292" 15 41.46 -0.38137496824129
"293" 15 64.61 1.30611501950943
"294" 15 61.06 -0.0465555262272595
"295" 15 51.38 1.17218724270381
"296" 15 52.42 0.301656693467333
"297" 15 53.56 -0.622444966491393
"298" 15 45.25 -1.14476329603328
"299" 15 54.74 0.154336138981159
"300" 15 61.15 0.609690580120241
"301" 15 72.08 1.90879001513468
"302" 15 55.13 0.27487113810621
"303" 16 48.18 0.957902799814833
"304" 16 56.3 1.29272224182886
"305" 16 60.36 0.716832801564731
"306" 16 64.65 0.93111724445371
"307" 16 62.42 0.984688355175956
"308" 16 50.32 0.355227804189578
"309" 16 57.32 -0.515302745046903
"310" 16 57.96 0.261478360425649
"311" 16 52.73 0.864153356050905
"312" 16 54.95 0.462370025634068
"313" 16 60.49 0.690047246203609
"314" 16 43.01 1.26593668646774
"315" 16 60.25 1.46682835167616
"316" 16 50.76 1.70789834992626
"317" 16 64.58 0.194514472022843
"318" 16 47.55 -0.448338856644097
"319" 16 53.35 1.66772001688458
"320" 16 55.9 0.301656693467333
"321" 16 64.38 2.1096816803431
"322" 16 62.8 0.93111724445371
"323" 16 60.49 2.36414445627376
"324" 16 53.81 1.70789834992626
"325" 16 33.85 1.46682835167616
"326" 17 47.51 -0.394767745921852
"327" 17 35.25 -0.970657186185985
"328" 17 36.51 1.48022112935672
"329" 17 37.49 -0.79655107633869
"330" 17 41.33 -0.461731634324658
"331" 17 27.09 0.649868913161925
"332" 17 40.31 -1.05101385226935
"333" 18 50 1.44004279631504
"334" 18 69.18 1.49361390703728
"335" 18 57.08 0.422191692592384
"336" 18 58.62 0.623083357800802
"337" 18 52.35 -0.421553301282974
"338" 18 43.85 -0.421553301282974
"339" 18 38.6 0.114157805939475
"340" 18 44.71 -0.38137496824129
"341" 18 54.67 -0.180483303032872
"342" 18 56.13 1.4534355739956
"343" 18 37.27 -0.555481078088587
"344" 18 45.1 0.971295577495395
"345" 18 57.79 0.569512247078557
"346" 18 41 -1.06440662994991
"347" 19 47.34 -0.0331627485466983
"348" 19 29.54 -1.49297551572787
"349" 19 52.91 0.435584470272945
"350" 19 51.36 -0.287625524477362
"351" 19 33.92 -0.434946078963535
"352" 19 36.91 1.05165224357876
"353" 19 44.53 0.676654468523047
"354" 19 56.28 1.49361390703728
"355" 19 50.14 0.569512247078557
"356" 19 37.72 1.10522335430101
"357" 19 52.18 -1.54654662645012
"358" 19 28.26 -0.180483303032872
"359" 20 61.95 0.328442248828455
"360" 20 62.39 -0.649230521852515
"361" 20 50.35 0.194514472022843
"362" 20 42.87 0.502548358675751
"363" 20 33.17 -0.247447191435678
"364" 20 53.31 0.81058224532866
"365" 20 31.59 0.904331689092588
"366" 20 50.33 0.823975023009221
"367" 20 29.94 0.234692805064526
"368" 20 47.93 -0.421553301282974
"369" 20 46.02 0.0338011398561079
"370" 20 51.61 -0.689408854894199
"371" 20 50.06 -0.234054413755117
"372" 20 39.9 0.408798914911823
"373" 20 47.67 -0.354589412880168
"374" 20 47.89 -0.542088300408025
"375" 20 48.23 -0.421553301282974
"376" 20 45.02 -0.207268858393994
"377" 20 36.33 1.35968613023167
"378" 20 40.69 -0.662623299533076
"379" 21 55.84 1.90879001513468
"380" 21 44.34 1.2793294641483
"381" 21 41.06 -0.220661636074556
"382" 21 55.06 -1.29208385051945
"383" 21 56.05 0.542726691717435
"384" 21 55.66 1.44004279631504
"385" 21 44.44 0.301656693467333
"386" 21 59.63 0.448977247953506
"387" 21 60.78 1.6275416838429
"388" 21 42.84 1.10522335430101
"389" 21 54.13 -0.957264408505424
"390" 21 60.07 1.58736335080121
"391" 21 50.73 0.100765028258914
"392" 21 36.07 0.181121694342282
"393" 21 43.85 0.3820133595507
"394" 22 56.5 1.11861613198157
"395" 22 60.1 2.1096816803431
"396" 22 59.46 -0.943871630824863
"397" 22 49.95 -1.27869107283889
"398" 22 46.1 -0.193876080713433
"399" 22 64.68 0.797189467648099
"400" 22 30.95 -0.073341081588382
"401" 22 47.95 -0.434946078963535
"402" 22 40.74 0.100765028258914
"403" 22 61.53 1.46682835167616
"404" 22 40.16 -0.38137496824129
"405" 22 40.33 1.38647168559279
"406" 22 46.7 -0.0063771931855758
"407" 22 40.64 -0.287625524477362
"408" 22 48.21 1.25254390878718
"409" 22 59.07 0.529333914036874
"410" 22 53.81 1.60075612848177
"411" 22 35.9 -1.30547662820002
"412" 22 32.13 0.3820133595507
"413" 22 51.67 -0.341196635199607
"414" 22 55.1 1.2123655757455
"415" 22 46.63 -0.073341081588382
"416" 22 50.33 -0.073341081588382
"417" 22 31.09 -0.876907742422056
"418" 23 52.33 0.140943361300598
"419" 23 35.94 -0.542088300408025
"420" 23 48.13 0.0338011398561079
"421" 23 48.31 0.27487113810621
"422" 23 63.37 2.31057334555152
"423" 23 53.66 0.797189467648099
"424" 23 65.18 1.57397057312065
"425" 23 48.21 -0.421553301282974
"426" 23 44.47 0.368620581870139
"427" 23 44.97 0.0739794728977916
"428" 23 68.85 0.823975023009221
"429" 23 45.95 0.623083357800802
"430" 23 55.01 0.529333914036874
"431" 23 53.52 1.78825501600963
"432" 24 36.85 0.100765028258914
"433" 24 37.33 0.114157805939475
"434" 24 45.89 0.730225579245292
"435" 24 47.74 0.81058224532866
"436" 24 62.68 0.515941136356312
"437" 24 57.83 -1.19833440675553
"438" 24 33.14 -2.18939995511706
"439" 24 26.73 -0.421553301282974
"440" 24 32.41 0.00701558449498541
"441" 24 49.68 1.22575835342606
"442" 24 50.72 0.194514472022843
"443" 24 53.03 0.59629780243968
"444" 24 49.08 1.44004279631504
"445" 24 51.83 0.288263915786771
"446" 24 48.34 0.636476135481364
"447" 24 46.94 -0.48851718968578
"448" 24 56.26 1.46682835167616
"449" 24 38.38 -0.970657186185985
"450" 24 39.84 -0.957264408505424
"451" 24 46.22 -0.314411079838484
"452" 25 42.9 -1.09119218531104
"453" 25 48.89 0.462370025634068
"454" 25 52.65 1.19897279806494
"455" 25 43.33 -1.30547662820002
"456" 25 26.33 0.462370025634068
"457" 25 55.05 -0.153697747671749
"458" 25 32.43 -0.783158298658128
"459" 25 54.12 -0.0465555262272595
"460" 25 41.91 -0.421553301282974
"461" 25 48.47 1.6945055722457
"462" 25 58.24 -0.274232746796801
"463" 25 59.8 0.315049471147894
"464" 25 35.43 -1.22511996211665
"465" 25 39.51 0.556119469397996
"466" 25 55.59 0.70344002388417
"467" 25 38.48 -0.689408854894199
"468" 25 38.27 -0.957264408505424
"469" 25 41.68 -1.07779940763047
"470" 25 38.66 -0.528695522727464
"471" 26 51.03 -1.1045849629916
"472" 26 26.07 -0.930478853144301
"473" 26 47.08 -0.689408854894199
"474" 26 43.41 -0.207268858393994
"475" 26 50.69 -1.22511996211665
"476" 26 46.07 1.2793294641483
"477" 26 50.94 0.448977247953506
"478" 26 39.71 -1.1045849629916
"479" 26 42.96 0.797189467648099
"480" 26 40.73 -0.823336631699811
"481" 26 54.64 -0.193876080713433
"482" 26 46.59 -0.394767745921852
"483" 26 58.86 2.17664556874591
"484" 26 42.51 0.0605866952172304
"485" 26 39.88 -0.100126636949505
"486" 26 55.37 0.288263915786771
"487" 26 45.78 0.315049471147894
"488" 26 42.42 -0.0465555262272595
"489" 26 54.48 -0.408160523602413
"490" 26 57.12 0.890938911412027
"491" 26 62.45 1.02486668821764
"492" 26 34.02 0.890938911412027
"493" 26 50.25 1.61414890616233
"494" 26 45.87 -0.461731634324658
"495" 26 29.29 -0.997442741547107
"496" 26 32.75 1.44004279631504
"497" 26 51.69 -0.729587187935883
"498" 26 52.64 -1.06440662994991
"499" 26 50.24 0.556119469397996
"500" 26 52.85 -0.957264408505424
"501" 27 69.02 1.10522335430101
"502" 27 44.67 -0.48851718968578
"503" 27 39.38 -0.126912192310627
"504" 27 41.27 -0.957264408505424
"505" 27 43.9 -0.126912192310627
"506" 27 44.08 0.690047246203609
"507" 27 23.71 -1.30547662820002
"508" 27 35.95 0.48915558099519
"509" 27 51.23 -0.515302745046903
"510" 27 28.43 -1.77422384701966
"511" 27 52.74 0.408798914911823
"512" 27 46.96 0.556119469397996
"513" 28 52.52 0.301656693467333
"514" 28 55.59 1.53379224007897
"515" 28 72.27 1.42665001863448
"516" 28 50.47 2.19003834642647
"517" 28 54.91 1.56057779544009
"518" 28 61.6 1.2793294641483
"519" 28 28.34 -0.662623299533076
"520" 28 47.49 -0.783158298658128
"521" 28 66.12 1.42665001863448
"522" 28 35.97 1.90879001513468
"523" 28 31.54 -1.06440662994991
"524" 28 58.87 0.890938911412027
"525" 28 50.02 1.15879446502325
"526" 28 46.9 -0.38137496824129
"527" 28 51.75 0.716832801564731
"528" 28 55.08 0.0204083621755467
"529" 28 46.69 0.3820133595507
"530" 28 57.64 2.36414445627376
"531" 28 57.8 2.19003834642647
"532" 28 51.95 0.944510022134272
"533" 28 56.83 1.68111279456514
"534" 28 49.12 1.44004279631504
"535" 29 58.61 0.797189467648099
"536" 29 50.49 0.408798914911823
"537" 29 52.13 1.6945055722457
"538" 29 66.68 0.730225579245292
"539" 29 42.49 -0.140304969991188
"540" 29 54.6 1.42665001863448
"541" 29 50.42 -1.07779940763047
"542" 29 40.2 -1.64029607021405
"543" 29 50.97 -1.27869107283889
"544" 29 23 0.91772446677315
"545" 29 35.38 0.127550583620037
"546" 29 44.29 1.46682835167616
"547" 29 41.89 -0.394767745921852
"548" 29 52.86 0.355227804189578
"549" 29 45.74 0.770403912286976
"550" 29 42.89 1.17218724270381
"551" 29 41.18 -0.274232746796801
"552" 29 30.39 0.877546133731466
"553" 29 53.76 0.234692805064526
"554" 29 45.65 -0.742979965616444
"555" 30 38.93 0.91772446677315
"556" 30 49.44 -1.89475884614471
"557" 30 43.03 -1.02422829690823
"558" 30 48.99 -0.113519414630066
"559" 30 64.64 1.90879001513468
"560" 30 52.17 -0.247447191435678
"561" 30 56.17 0.770403912286976
"562" 30 40.49 -0.742979965616444
"563" 30 55.72 -0.876907742422056
"564" 30 45.73 -0.970657186185985
"565" 30 57.96 1.85521890441244
"566" 30 42.69 -0.260839969116239
"567" 30 44.5 1.22575835342606
"568" 30 57.67 1.9355755704958
"569" 30 46.95 -0.0331627485466983
"570" 30 48.4 1.76146946064851
"571" 31 61.35 2.1096816803431
"572" 31 42.11 -0.528695522727464
"573" 31 47.24 0.984688355175956
"574" 31 62.73 0.623083357800802
"575" 31 53.7 0.48915558099519
"576" 31 51.61 -0.0197699708661371
"577" 31 59.88 0.475762803314629
"578" 31 42.29 1.11861613198157
"579" 31 48.44 0.636476135481364
"580" 31 28.28 1.02486668821764
"581" 31 33.3 -0.113519414630066
"582" 31 54.71 2.14986001338478
"583" 31 65.09 1.68111279456514
"584" 31 50.07 1.46682835167616
"585" 31 46.23 1.80164779369019
"586" 31 69.53 1.46682835167616
"587" 31 42.83 1.46682835167616
"588" 31 45.59 0.422191692592384
"589" 31 53.91 0.475762803314629
"590" 31 46.81 -0.609052188810832
"591" 31 47.19 0.27487113810621
"592" 31 29.78 0.0873722505783528
"593" 32 47.43 0.261478360425649
"594" 32 54.6 0.154336138981159
"595" 32 46.82 0.341835026509016
"596" 32 43.87 -0.421553301282974
"597" 32 39.77 1.2123655757455
"598" 32 56.65 1.34629335255111
"599" 32 54.88 1.34629335255111
"600" 32 55.58 2.36414445627376
"601" 32 53.54 0.475762803314629
"602" 32 47.03 0.207907249703404
"603" 32 48.43 -0.100126636949505
"604" 32 57.62 -0.287625524477362
"605" 32 54.61 0.27487113810621
"606" 32 51.2 1.33290057487055
"607" 32 46.28 0.770403912286976
"608" 33 48.56 0.59629780243968
"609" 33 61.41 -0.274232746796801
"610" 33 48.18 -1.50636829340843
"611" 33 45.4 -0.582266633449709
"612" 33 46.43 -0.91708607546374
"613" 33 42.42 0.649868913161925
"614" 33 43.13 -0.274232746796801
"615" 33 45.04 0.154336138981159
"616" 33 50.79 1.09183057662045
"617" 33 40.94 0.542726691717435
"618" 33 39.68 0.0739794728977916
"619" 33 40.89 -0.59565941113027
"620" 33 56.92 0.515941136356312
"621" 33 46.66 0.154336138981159
"622" 33 62.13 0.770403912286976
"623" 33 32.96 -1.18494162907496
"624" 33 64.23 0.0338011398561079
"625" 33 51.18 -0.367982190560729
"626" 33 30.22 -0.234054413755117
"627" 33 45.72 -1.62690329253349
"628" 33 56.13 -0.890300520102618
"629" 33 39.2 0.341835026509016
"630" 33 69.96 0.194514472022843
"631" 33 40.29 -1.09119218531104
"632" 33 47.09 -0.408160523602413
"633" 33 36.36 -1.65368884789461
"634" 34 53.09 -1.38583329428338
"635" 34 60.93 0.515941136356312
"636" 34 36.74 -0.582266633449709
"637" 34 53.17 0.475762803314629
"638" 34 55.87 0.221300027383965
"639" 34 42.1 -0.247447191435678
"640" 34 35.48 -0.876907742422056
"641" 34 51.42 0.3820133595507
"642" 34 42.94 1.90879001513468
"643" 34 40.95 -0.649230521852515
"644" 34 42.25 1.25254390878718
"645" 34 37.05 0.59629780243968
"646" 34 51.34 1.41325724095392
"647" 34 40.63 1.23915113110662
"648" 34 56.11 -0.193876080713433
"649" 34 38.38 2.45789390003769
"650" 34 42.16 1.89539723745412
"651" 34 50.08 0.422191692592384
"652" 34 55.57 -0.274232746796801
"653" 34 37.14 0.864153356050905
"654" 34 48.86 0.3820133595507
"655" 34 40.8 1.25254390878718
"656" 34 50.39 1.98914668121805
"657" 34 33.39 0.140943361300598
"658" 35 54.16 0.435584470272945
"659" 35 71.24 0.957902799814833
"660" 35 44.45 1.6945055722457
"661" 35 69.88 1.61414890616233
"662" 35 40.11 0.529333914036874
"663" 35 51.02 -0.38137496824129
"664" 35 30.98 -1.50636829340843
"665" 35 72.24 1.74807668296795
"666" 35 64.95 1.44004279631504
"667" 35 57.94 1.35968613023167
"668" 35 51.11 0.448977247953506
"669" 35 47.75 0.0605866952172304
"670" 35 56.79 -0.609052188810832
"671" 35 61.87 0.904331689092588
"672" 35 56.46 0.301656693467333
"673" 35 60.73 0.850760578370343
"674" 35 58.01 1.37307890791223
"675" 36 59.28 1.14540168734269
"676" 36 58.58 0.823975023009221
"677" 36 58.9 2.05611056962085
"678" 36 52.69 0.435584470272945
"679" 36 76.17 0.59629780243968
"680" 36 57.19 0.70344002388417
"681" 36 48.41 0.59629780243968
"682" 36 41.89 0.355227804189578
"683" 36 50.8 -0.957264408505424
"684" 36 53.61 1.25254390878718
"685" 36 42.9 0.904331689092588
"686" 36 42.45 0.0338011398561079
"687" 37 30.35 -1.7608310693391
"688" 37 42.99 -0.327803857519046
"689" 37 63.21 0.395406137231261
"690" 37 56.56 0.663261690842486
"691" 37 54.17 0.248085582745088
"692" 37 44.47 -0.501909967366342
"693" 37 33.19 -0.649230521852515
"694" 37 42.14 0.582905024759119
"695" 37 41.91 -1.19833440675553
"696" 37 42.02 -1.64029607021405
"697" 37 52.83 -2.14922162207537
"698" 37 49.6 -0.984049963866546
"699" 37 44.37 -1.64029607021405
"700" 37 53.14 0.971295577495395
"701" 37 39.47 -1.27869107283889
"702" 37 45.52 -2.09565051135313
"703" 37 49.79 -0.823336631699811
"704" 37 39.66 0.663261690842486
"705" 37 46.24 -0.234054413755117
"706" 37 62.17 1.09183057662045
"707" 37 49.7 0.730225579245292
"708" 37 49.25 -1.29208385051945
"709" 37 45.03 -0.783158298658128
"710" 37 59.1 -1.11797774067216
"711" 37 25.86 -1.19833440675553
"712" 37 42.98 -0.234054413755117
"713" 37 46.3 -0.863514964741495
"714" 37 51.18 -1.01083551922767
"715" 37 34.29 -0.957264408505424
"716" 37 52.13 0.288263915786771
"717" 37 36.66 -1.03762107458879
"718" 37 48.32 -1.65368884789461
"719" 38 49.9 -0.073341081588382
"720" 38 49.49 1.29272224182886
"721" 38 42.31 0.194514472022843
"722" 38 56.69 -0.247447191435678
"723" 38 36.17 -0.0197699708661371
"724" 38 60.91 1.46682835167616
"725" 38 55.56 0.408798914911823
"726" 38 49.56 -0.180483303032872
"727" 38 38.58 -0.434946078963535
"728" 38 70.51 1.53379224007897
"729" 38 57.09 0.48915558099519
"730" 38 55.89 0.3820133595507
"731" 38 51.39 0.783796689967537
"732" 38 53.39 0.181121694342282
"733" 38 55.84 0.770403912286976
"734" 38 47.93 0.998081132856517
"735" 39 62.49 -1.39922607196394
"736" 39 40.71 -1.02422829690823
"737" 39 45 -0.903693297783179
"738" 39 51.98 -0.729587187935883
"739" 39 47.92 -0.38137496824129
"740" 39 33.51 -1.42601162732507
"741" 39 36.24 0.27487113810621
"742" 39 46.31 -0.649230521852515
"743" 39 45.34 -1.97511551222808
"744" 39 37.03 -0.984049963866546
"745" 39 44.82 -0.70280163257476
"746" 39 59.26 -0.756372743297005
"747" 39 66.58 -0.823336631699811
"748" 39 34.61 -0.542088300408025
"749" 39 44.79 -1.54654662645012
"750" 39 38.2 -0.220661636074556
"751" 39 52.56 -0.0599483039078208
"752" 39 41.62 -0.421553301282974
"753" 39 44.18 0.944510022134272
"754" 39 52.65 -0.622444966491393
"755" 39 32.13 -1.61351051485292
"756" 39 51.08 0.757011134606415
"757" 39 43.51 0.0873722505783528
"758" 39 44.29 0.676654468523047
"759" 39 49.34 -0.836729409380373
"760" 39 58.64 -1.519761071089
"761" 39 42.78 -1.53315384876956
"762" 40 36.94 -0.207268858393994
"763" 40 46.98 -0.421553301282974
"764" 40 47.72 -1.43940440500563
"765" 40 56.35 -0.448338856644097
"766" 40 54.04 -0.769765520977566
"767" 40 36.68 -0.997442741547107
"768" 40 71.04 1.2793294641483
"769" 40 45.19 -0.193876080713433
"770" 40 33.5 1.37307890791223
"771" 40 29.68 -0.582266633449709
"772" 40 47.56 0.181121694342282
"773" 40 47.76 -0.167090525352311
"774" 40 50.26 -0.957264408505424
"775" 40 58.06 2.16325279106534
"776" 40 45.39 0.676654468523047
"777" 40 43.27 -0.140304969991188
"778" 40 63.01 0.890938911412027
"779" 40 50.36 0.288263915786771
"780" 40 53.35 0.957902799814833
"781" 40 49.95 0.0338011398561079
"782" 40 44.5 0.649868913161925
"783" 40 52.41 0.181121694342282
"784" 40 52.28 -0.193876080713433
"785" 40 49.08 0.757011134606415
"786" 40 59.25 -0.542088300408025
"787" 41 59.42 0.0204083621755467
"788" 41 44.55 -1.25190551747777
"789" 41 48.82 -0.70280163257476
"790" 41 51.96 0.408798914911823
"791" 41 49.13 1.72129112760682
"792" 41 69.36 1.54718501775953
"793" 41 55.68 -1.53315384876956
"794" 41 46.28 -1.19833440675553
"795" 41 58.64 -0.689408854894199
"796" 41 54.75 -1.73404551397798
"797" 41 53.94 1.41325724095392
"798" 41 72.89 0.91772446677315
"799" 41 70.76 0.93111724445371
"800" 41 44.91 -0.649230521852515
"801" 41 73.88 -0.0063771931855758
"802" 41 60.89 0.328442248828455
"803" 41 47.69 -0.716194410255321
"804" 41 59.76 -0.876907742422056
"805" 41 57.45 0.114157805939475
"806" 41 62.14 0.797189467648099
"807" 41 61.47 -1.64029607021405
"808" 41 48.15 1.25254390878718
"809" 42 52.87 -0.622444966491393
"810" 42 50.03 0.837367800689782
"811" 42 41.51 -1.57333218181124
"812" 42 37.42 1.46682835167616
"813" 42 64.42 1.18558002038437
"814" 42 45.44 -1.42601162732507
"815" 42 46.06 -0.354589412880168
"816" 42 46.37 -1.07779940763047
"817" 42 46.66 0.0605866952172304
"818" 42 29.01 -1.18494162907496
"819" 42 35.69 -0.234054413755117
"820" 42 49.16 -0.836729409380373
"821" 42 55.9 -0.635837744171954
"822" 42 45.84 -1.42601162732507
"823" 42 35.44 -0.742979965616444
"824" 42 43.21 -1.1715488513944
"825" 42 48.36 0.368620581870139
"826" 42 74.14 -1.42601162732507
"827" 42 46.76 0.529333914036874
"828" 42 36.97 -1.37244051660282
"829" 42 43.84 -1.1045849629916
"830" 42 43.24 -1.78761662470022
"831" 42 56.9 2.19003834642647
"832" 42 47.64 -1.80100940238078
"833" 42 38.84 -1.61351051485292
"834" 42 42.96 -1.05101385226935
"835" 42 41.58 -1.11797774067216
"836" 42 45.96 -2.35011328728379
"837" 43 80.02 -0.140304969991188
"838" 43 62.47 1.53379224007897
"839" 43 66.48 1.48022112935672
"840" 43 52.83 0.797189467648099
"841" 43 44.79 -1.25190551747777
"842" 43 48.08 -0.354589412880168
"843" 43 41.06 -1.15815607371384
"844" 43 49.99 -1.13137051835272
"845" 43 33.41 -0.0465555262272595
"846" 43 35.25 -1.15815607371384
"847" 43 52.75 -0.622444966491393
"848" 43 47.9 -0.247447191435678
"849" 43 47.48 0.877546133731466
"850" 43 48.89 -0.676016077213638
"851" 43 59.58 1.60075612848177
"852" 44 49.72 -0.515302745046903
"853" 44 49.23 -1.42601162732507
"854" 44 57 -1.22511996211665
"855" 44 35.73 -0.180483303032872
"856" 44 58.75 -1.31886940588058
"857" 44 42.01 -0.850122187060934
"858" 44 28.94 1.80164779369019
"859" 44 50.73 0.502548358675751
"860" 44 48.34 -0.0599483039078208
"861" 44 51.79 0.355227804189578
"862" 44 50.66 -0.930478853144301
"863" 44 63.51 0.690047246203609
"864" 44 46.16 0.395406137231261
"865" 44 58.61 -0.876907742422056
"866" 44 40.67 1.23915113110662
"867" 44 46.2 -0.193876080713433
"868" 44 59.87 -2.36350606496435
"869" 45 45.39 -0.542088300408025
"870" 45 50.05 -0.716194410255321
"871" 45 42.21 0.248085582745088
"872" 45 40.26 0.542726691717435
"873" 45 47.12 0.0471939175366691
"874" 45 52.32 0.248085582745088
"875" 45 56.05 0.207907249703404
"876" 45 34.62 -1.92154440150583
"877" 45 42.59 0.823975023009221
"878" 45 39.96 -1.77422384701966
"879" 45 37.14 -0.850122187060934
"880" 45 55.71 -0.38137496824129
"881" 45 36.06 -0.461731634324658
"882" 45 44.56 1.06504502125932
"883" 45 53.34 -1.88136606846415
"884" 46 48.97 -1.39922607196394
"885" 46 64.48 -0.930478853144301
"886" 46 30.88 -0.100126636949505
"887" 46 24.8 -0.649230521852515
"888" 46 32.03 0.569512247078557
"889" 46 35.77 -1.02422829690823
"890" 46 27.67 -1.7608310693391
"891" 46 35.16 -0.0063771931855758
"892" 46 25.84 -0.863514964741495
"893" 46 31.74 -1.31886940588058
"894" 46 56.34 -1.25190551747777
"895" 46 34.66 -1.37244051660282
"896" 46 38.08 -0.367982190560729
"897" 46 46.73 -1.96172273454752
"898" 46 46.04 -1.23851273979721
"899" 46 47.03 -0.461731634324658
"900" 46 37.63 -1.09119218531104
"901" 46 45.26 -1.47958273804731
"902" 46 40.39 -0.448338856644097
"903" 46 49.96 -1.14476329603328
"904" 46 44.24 -0.930478853144301
"905" 47 59.68 0.368620581870139
"906" 47 33.7 -1.1045849629916
"907" 47 53.87 0.0739794728977916
"908" 47 53 1.35968613023167
"909" 47 51.18 1.0382594658982
"910" 47 50.93 -0.327803857519046
"911" 47 39.05 -1.88136606846415
"912" 47 47.81 -0.461731634324658
"913" 47 37.77 -1.23851273979721
"914" 47 46.15 0.757011134606415
"915" 47 49.05 -0.70280163257476
"916" 47 38.3 -0.354589412880168
"917" 47 47.66 -1.42601162732507
"918" 47 46.36 -0.260839969116239
"919" 47 37.35 -0.0063771931855758
"920" 47 41.99 -1.14476329603328
"921" 47 31.38 -2.1760071774365
"922" 47 38.33 -1.23851273979721
"923" 47 33.31 -1.39922607196394
"924" 47 41.66 -1.42601162732507
"925" 48 43.82 -0.314411079838484
"926" 48 27.5 -1.05101385226935
"927" 48 42.43 -0.314411079838484
"928" 48 49.32 -0.756372743297005
"929" 48 62.03 0.194514472022843
"930" 48 35.68 0.435584470272945
"931" 48 49.26 -0.0867338592689433
"932" 48 48.02 0.837367800689782
"933" 48 55.13 -0.783158298658128
"934" 48 48.68 0.636476135481364
"935" 48 43.07 -0.876907742422056
"936" 48 32.8 -0.314411079838484
"937" 48 49.26 1.56057779544009
"938" 48 45.14 -1.47958273804731
"939" 48 45.21 0.48915558099519
"940" 48 32.34 -1.50636829340843
"941" 48 60.05 -0.153697747671749
"942" 48 50.35 0.877546133731466
"943" 48 42.91 0.301656693467333
"944" 48 58.76 1.46682835167616
"945" 48 58.37 -1.3456549612417
"946" 48 49.1 0.890938911412027
"947" 49 34.89 -1.06440662994991
"948" 49 42.81 -0.515302745046903
"949" 49 43 -0.247447191435678
"950" 49 48.71 -1.37244051660282
"951" 49 24.36 -0.729587187935883
"952" 49 35.08 -0.850122187060934
"953" 49 40.33 -0.622444966491393
"954" 49 36.05 -1.03762107458879
"955" 49 43.37 -1.1715488513944
"956" 49 29.88 -0.689408854894199
"957" 49 39.48 -1.22511996211665
"958" 49 30.9 -0.582266633449709
"959" 49 41.1 -0.676016077213638
"960" 49 46.97 0.140943361300598
"961" 49 35.51 -1.37244051660282
"962" 50 41.55 -1.22511996211665
"963" 50 29.84 -1.30547662820002
"964" 50 49.14 -1.65368884789461
"965" 50 57.8 0.422191692592384
"966" 50 44.15 -1.18494162907496
"967" 50 29.21 -0.863514964741495
"968" 50 58.24 -0.903693297783179
"969" 50 47.22 -0.180483303032872
"970" 50 37.36 -0.542088300408025
"971" 50 29.06 0.730225579245292
"972" 50 39.84 0.100765028258914
"973" 50 47.1 -1.39922607196394
"974" 50 38.98 -0.193876080713433
"975" 50 40.91 -0.542088300408025
"976" 50 46.81 -0.274232746796801
"977" 50 35.26 -1.35904773892226
"978" 50 40.45 0.690047246203609
"979" 50 35.52 -1.64029607021405
"980" 51 66.26 -1.18494162907496
"981" 51 66.12 1.01147391053708
"982" 51 71.22 -0.528695522727464
"983" 51 54.9 -1.07779940763047
"984" 51 61.98 -0.475124412005219
"985" 51 69.42 0.663261690842486
"986" 51 61.22 0.00701558449498541
"987" 51 62.99 -1.33226218356114
"988" 51 57.99 -1.02422829690823
"989" 51 61.33 -1.41261884964451
"990" 51 66.85 -0.113519414630066
"991" 51 67.87 1.38647168559279
"992" 51 63.94 1.90879001513468
"993" 51 73.7 1.6945055722457
"994" 51 70.36 -0.716194410255321
"995" 51 64.01 0.730225579245292
"996" 51 57.35 -0.301018302157923
"997" 51 68.25 -0.649230521852515
"998" 51 57.39 1.70789834992626
"999" 52 66.5 -0.38137496824129
"1000" 52 36.71 0.556119469397996
"1001" 52 50.16 -0.100126636949505
"1002" 52 50.28 -1.27869107283889
"1003" 52 52.18 -1.30547662820002
"1004" 52 51.46 1.44004279631504
"1005" 52 35.73 1.6945055722457
"1006" 52 53.69 1.44004279631504
"1007" 52 68.71 -0.635837744171954
"1008" 52 44.75 0.315049471147894
"1009" 52 43.91 -1.27869107283889
"1010" 52 33.41 -0.676016077213638
"1011" 52 45.72 -0.287625524477362
"1012" 52 44.99 0.823975023009221
"1013" 52 47.73 0.248085582745088
"1014" 52 33.51 0.100765028258914
"1015" 52 60.51 0.823975023009221
"1016" 52 44.62 0.971295577495395
"1017" 52 53.45 -0.260839969116239
"1018" 52 55 1.2123655757455
"1019" 52 31.21 -0.234054413755117
"1020" 52 47.96 0.877546133731466
"1021" 52 66.59 -1.49297551572787
"1022" 52 61.97 -1.23851273979721
"1023" 52 53.8 -0.930478853144301
"1024" 53 49.44 -1.57333218181124
"1025" 53 31.68 -0.970657186185985
"1026" 53 63.99 -1.53315384876956
"1027" 53 36.71 -1.35904773892226
"1028" 53 40.77 -0.073341081588382
"1029" 53 52.12 0.114157805939475
"1030" 53 30.88 -0.354589412880168
"1031" 53 40.01 -1.61351051485292
"1032" 53 38.55 -1.37244051660282
"1033" 53 42.27 -1.98850828990864
"1034" 53 41.62 -1.55993940413068
"1035" 54 34.24 -0.903693297783179
"1036" 54 43.66 0.261478360425649
"1037" 54 37.74 0.368620581870139
"1038" 54 25.47 -0.622444966491393
"1039" 54 54.77 -1.65368884789461
"1040" 54 52.72 -1.19833440675553
"1041" 54 38.93 -0.180483303032872
"1042" 54 34.49 -1.7608310693391
"1043" 54 45.02 1.60075612848177
"1044" 54 64.05 0.59629780243968
"1045" 54 44.41 -0.408160523602413
"1046" 54 59.1 -0.756372743297005
"1047" 54 66.11 -0.676016077213638
"1048" 54 43.47 1.09183057662045
"1049" 54 64.42 -1.1715488513944
"1050" 54 39.82 -0.301018302157923
"1051" 54 32.3 -1.26529829515833
"1052" 54 54.9 -0.140304969991188
"1053" 54 45.63 -1.09119218531104
"1054" 54 48.73 -0.970657186185985
"1055" 54 29.44 -0.501909967366342
"1056" 54 43.16 -1.05101385226935
"1057" 54 54.72 -1.31886940588058
"1058" 54 56.88 -1.47958273804731
"1059" 54 38.84 -0.38137496824129
"1060" 54 43.39 -0.582266633449709
"1061" 54 55.71 -0.0063771931855758
"1062" 55 34.7 -0.997442741547107
"1063" 55 44.97 -0.555481078088587
"1064" 55 43.9 -1.38583329428338
"1065" 55 40.48 -1.7608310693391
"1066" 55 40.45 0.462370025634068
"1067" 55 44.63 -0.836729409380373
"1068" 55 38.93 0.783796689967537
"1069" 55 37.42 -2.1760071774365
"1070" 55 44.24 -0.729587187935883
"1071" 55 42.12 0.556119469397996
"1072" 55 43.33 1.11861613198157
"1073" 55 53.41 -1.66708162557517
"1074" 55 55.7 -0.314411079838484
"1075" 55 44.3 -0.0465555262272595
"1076" 55 51.11 -0.207268858393994
"1077" 55 28.57 -0.943871630824863
"1078" 55 45.45 -1.05101385226935
"1079" 55 32.07 -0.649230521852515
"1080" 55 43.68 -0.568873855769148
"1081" 55 47.25 -1.1715488513944
"1082" 55 49.88 -0.408160523602413
"1083" 55 47.64 -0.649230521852515
"1084" 55 42.71 0.154336138981159
"1085" 55 38.03 -0.113519414630066
"1086" 56 44.64 -0.287625524477362
"1087" 56 67.06 1.70789834992626
"1088" 56 42.99 -0.997442741547107
"1089" 56 59.1 -1.80100940238078
"1090" 56 36.68 -1.30547662820002
"1091" 56 52 -0.555481078088587
"1092" 56 45.4 -0.568873855769148
"1093" 56 46.9 -0.568873855769148
"1094" 56 54.94 -1.42601162732507
"1095" 56 52.67 -2.1760071774365
"1096" 56 41.2 -1.27869107283889
"1097" 56 43.28 -0.327803857519046
"1098" 56 49.12 -2.55100495249221
"1099" 56 43.39 -1.77422384701966
"1100" 56 54.9 -0.756372743297005
"1101" 56 50.91 0.181121694342282
"1102" 56 55.56 -1.23851273979721
"1103" 56 55.29 -0.542088300408025
"1104" 56 43.53 -1.07779940763047
"1105" 56 38.92 -1.54654662645012
"1106" 56 41.53 0.315049471147894
"1107" 56 70.07 -0.461731634324658
"1108" 56 46.2 -1.18494162907496
"1109" 56 44.7 0.448977247953506
"1110" 57 33.36 -0.649230521852515
"1111" 57 35.15 -1.15815607371384
"1112" 57 34.73 -1.27869107283889
"1113" 57 48.76 -1.96172273454752
"1114" 57 51.32 -0.301018302157923
"1115" 57 49.63 -0.0331627485466983
"1116" 57 22.61 -0.662623299533076
"1117" 57 42.76 1.39986446327335
"1118" 57 54.3 0.70344002388417
"1119" 57 35.11 -1.37244051660282
"1120" 57 42.16 0.181121694342282
"1121" 57 44.64 -0.126912192310627
"1122" 57 38.93 -0.943871630824863
"1123" 57 37.08 -1.53315384876956
"1124" 57 40.98 -0.38137496824129
"1125" 57 29.51 -1.39922607196394
"1126" 57 54.33 -1.86797329078359
"1127" 57 64.63 1.2123655757455
"1128" 57 38.54 -1.54654662645012
"1129" 57 67.82 1.84182612673187
"1130" 57 55.08 -1.18494162907496
"1131" 57 35.43 0.70344002388417
"1132" 57 41.85 -0.515302745046903
"1133" 57 51.39 -0.783158298658128
"1134" 57 48.03 0.194514472022843
"1135" 58 48.07 0.127550583620037
"1136" 58 41.27 0.221300027383965
"1137" 58 63.51 -0.220661636074556
"1138" 58 51.78 0.475762803314629
"1139" 58 49.75 -1.01083551922767
"1140" 58 41.73 0.435584470272945
"1141" 58 46.13 0.502548358675751
"1142" 58 58.3 0.529333914036874
"1143" 58 39.72 -0.0197699708661371
"1144" 58 62 -1.03762107458879
"1145" 58 47.12 -0.48851718968578
"1146" 58 43.94 0.0605866952172304
"1147" 58 64.65 -0.461731634324658
"1148" 58 60.22 0.0471939175366691
"1149" 58 53.22 0.448977247953506
"1150" 58 35.86 -0.997442741547107
"1151" 58 38.2 1.78825501600963
"1152" 58 43.39 0.569512247078557
"1153" 58 40.64 -1.42601162732507
"1154" 58 55.21 2.43110834467657
"1155" 58 53.15 0.194514472022843
"1156" 58 46.47 -0.274232746796801
"1157" 58 50.94 -0.0197699708661371
"1158" 58 43.83 -0.180483303032872
"1159" 58 60.47 1.15879446502325
"1160" 58 34.19 -1.05101385226935
"1161" 58 35.1 -0.59565941113027
"1162" 58 48.93 -0.180483303032872
"1163" 59 45.41 -1.42601162732507
"1164" 59 39.53 0.127550583620037
"1165" 59 51.06 -1.85458051310303
"1166" 59 27.55 -2.35011328728379
"1167" 59 46.58 0.743618356925854
"1168" 59 49.02 -0.113519414630066
"1169" 59 61.95 0.248085582745088
"1170" 59 30.7 -0.742979965616444
"1171" 59 48.79 -0.341196635199607
"1172" 59 47.7 0.48915558099519
"1173" 59 79.84 0.984688355175956
"1174" 59 59.75 -1.13137051835272
"1175" 59 63.72 0.127550583620037
"1176" 59 39.62 -1.31886940588058
"1177" 59 38.44 -0.823336631699811
"1178" 59 50.18 -0.220661636074556
"1179" 59 62.13 -0.408160523602413
"1180" 59 53.53 -0.783158298658128
"1181" 60 42.59 -0.48851718968578
"1182" 60 42.51 -0.70280163257476
"1183" 60 23.36 -0.0867338592689433
"1184" 60 39.96 -1.1045849629916
"1185" 60 33.67 -1.27869107283889
"1186" 60 47.56 1.2793294641483
"1187" 60 51.11 0.341835026509016
"1188" 60 30.66 -1.06440662994991
"1189" 60 38.06 2.12307445802366
"1190" 60 32.37 -1.47958273804731
"1191" 60 27.56 -1.15815607371384
"1192" 60 38.39 -1.41261884964451
"1193" 60 37.28 -1.22511996211665
"1194" 60 32.78 -0.140304969991188
"1195" 60 41.86 -2.36350606496435
"1196" 60 44.23 -0.394767745921852
"1197" 60 38.77 0.823975023009221
"1198" 60 41.69 0.0873722505783528
"1199" 60 83.27 0.448977247953506
"1200" 60 43.06 -0.649230521852515
"1201" 60 47.27 -1.07779940763047
"1202" 60 50.33 1.89539723745412
"1203" 60 45.37 -0.234054413755117
"1204" 60 47.38 -1.22511996211665
"1205" 60 53.18 -1.73404551397798
"1206" 60 51.68 -1.47958273804731
"1207" 60 27.88 -1.06440662994991
"1208" 60 43.16 -0.394767745921852
"1209" 61 41.5 -0.542088300408025
"1210" 61 56.09 0.395406137231261
"1211" 61 34.78 -0.635837744171954
"1212" 61 46.6 -0.850122187060934
"1213" 61 50.36 -1.42601162732507
"1214" 61 45.68 -1.65368884789461
"1215" 61 40.92 -0.649230521852515
"1216" 61 34.71 -2.21618551047818
"1217" 61 42.76 -1.33226218356114
"1218" 61 43.4 0.48915558099519
"1219" 61 50.04 1.39986446327335
"1220" 61 54.07 0.261478360425649
"1221" 61 42.22 1.05165224357876
"1222" 61 49.36 -1.06440662994991
"1223" 61 51.26 -1.19833440675553
"1224" 61 45.4 -1.06440662994991
"1225" 61 44.92 -0.59565941113027
"1226" 61 50.74 0.623083357800802
"1227" 61 39.49 0.0204083621755467
"1228" 61 33.12 -0.943871630824863
"1229" 61 47.15 -0.354589412880168
"1230" 61 40.96 -0.756372743297005
"1231" 61 55.28 0.154336138981159
"1232" 61 40.45 0.181121694342282
"1233" 62 41.88 1.2793294641483
"1234" 62 57.84 0.743618356925854
"1235" 62 37.46 -1.18494162907496
"1236" 62 52.7 0.998081132856517
"1237" 62 63.67 0.971295577495395
"1238" 62 42.04 1.78825501600963
"1239" 62 53.76 -0.79655107633869
"1240" 62 45.25 -0.38137496824129
"1241" 62 57.92 0.234692805064526
"1242" 62 59.6 0.0338011398561079
"1243" 62 56.59 2.12307445802366
"1244" 62 57.74 1.34629335255111
"1245" 62 44.62 0.716832801564731
"1246" 63 45.11 0.93111724445371
"1247" 63 74.87 1.18558002038437
"1248" 63 38.94 0.743618356925854
"1249" 63 52.01 0.783796689967537
"1250" 63 45.17 -0.970657186185985
"1251" 63 42.74 -0.91708607546374
"1252" 63 57.96 1.07843779893988
"1253" 63 30.35 0.0338011398561079
"1254" 63 61.15 1.37307890791223
"1255" 63 51.59 -2.04207940063088
"1256" 63 49.49 0.0471939175366691
"1257" 63 43.96 -1.86797329078359
"1258" 63 60.98 0.663261690842486
"1259" 63 35.58 -1.14476329603328
"1260" 63 60.82 0.743618356925854
"1261" 63 43.77 -0.38137496824129
"1262" 64 57.6 -0.180483303032872
"1263" 64 44.07 0.515941136356312
"1264" 64 28.23 0.676654468523047
"1265" 64 33.66 -1.78761662470022
"1266" 64 36.74 -0.649230521852515
"1267" 64 39.27 0.81058224532866
"1268" 64 46.27 1.81504057137075
"1269" 64 44.11 1.18558002038437
"1270" 64 31.81 -0.126912192310627
"1271" 64 37.26 -0.59565941113027
"1272" 64 34.8 0.194514472022843
"1273" 64 51.8 0.877546133731466
"1274" 64 40.55 0.81058224532866
"1275" 64 50.17 0.529333914036874
"1276" 64 50.97 0.00701558449498541
"1277" 64 37.04 -0.582266633449709
"1278" 64 48.1 -0.876907742422056
"1279" 64 41.99 -0.260839969116239
"1280" 64 34.94 0.154336138981159
"1281" 64 34.83 -1.22511996211665
"1282" 64 59.81 1.76146946064851
"1283" 64 55.26 -1.519761071089
"1284" 64 46.32 0.341835026509016
"1285" 64 61.99 1.46682835167616
"1286" 64 34.37 -0.997442741547107
"1287" 64 37.51 -1.33226218356114
"1288" 64 45.82 -0.542088300408025
"1289" 65 32.71 -0.568873855769148
"1290" 65 46.37 -0.180483303032872
"1291" 65 60.96 1.23915113110662
"1292" 65 33.26 0.248085582745088
"1293" 65 52.83 1.68111279456514
"1294" 65 48.55 0.154336138981159
"1295" 65 30.61 2.27039501250983
"1296" 65 27.48 -1.19833440675553
"1297" 65 44.92 0.114157805939475
"1298" 65 48.1 -1.07779940763047
"1299" 65 39.44 -1.41261884964451
"1300" 65 63.57 0.663261690842486
"1301" 65 59.24 0.100765028258914
"1302" 65 45.78 -1.21172718443609
"1303" 65 73 -0.649230521852515
"1304" 65 50.6 0.435584470272945
"1305" 65 56.43 0.91772446677315
"1306" 66 42.65 1.56057779544009
"1307" 66 48.71 0.0204083621755467
"1308" 66 46.9 0.690047246203609
"1309" 66 35.65 0.0204083621755467
"1310" 66 35.05 0.743618356925854
"1311" 66 45.17 -0.341196635199607
"1312" 66 59.52 0.341835026509016
"1313" 66 59.19 0.649868913161925
"1314" 66 58.84 1.01147391053708
"1315" 66 30.41 -0.501909967366342
"1316" 66 51.99 -0.716194410255321
"1317" 66 56.08 1.05165224357876
"1318" 66 49.96 0.328442248828455
"1319" 66 50.7 -0.515302745046903
"1320" 66 52.87 0.234692805064526
"1321" 67 75.62 2.53825056612106
"1322" 67 55.86 2.21682390178759
"1323" 67 66.16 1.09183057662045
"1324" 67 62.43 1.35968613023167
"1325" 68 41.58 0.100765028258914
"1326" 68 38.96 0.0605866952172304
"1327" 68 56.95 0.556119469397996
"1328" 68 48.14 1.39986446327335
"1329" 68 51.62 2.1096816803431
"1330" 68 39.05 -0.997442741547107
"1331" 68 47.17 2.12307445802366
"1332" 68 50.11 1.49361390703728
"1333" 68 49 0.542726691717435
"1334" 68 57.17 0.368620581870139
"1335" 68 52.5 0.542726691717435
"1336" 68 37.95 -1.80100940238078
"1337" 68 37.61 0.154336138981159
"1338" 68 34.05 0.341835026509016
"1339" 68 46.11 0.448977247953506
"1340" 68 34.13 0.649868913161925
"1341" 68 45.14 -1.50636829340843
"1342" 68 35 -0.0197699708661371
"1343" 68 47.95 -0.140304969991188
"1344" 69 59.97 1.23915113110662
"1345" 69 58.57 -0.100126636949505
"1346" 69 70.4 -0.0599483039078208
"1347" 69 52.84 0.448977247953506
"1348" 69 28.62 1.73468390528739
"1349" 69 69.1 0.248085582745088
"1350" 69 52.88 0.100765028258914
"1351" 69 56.82 0.542726691717435
"1352" 69 39.14 -0.80994385401925
"1353" 69 54.97 0.676654468523047
"1354" 69 50.73 0.569512247078557
"1355" 69 67.46 0.0605866952172304
"1356" 69 50.87 -0.662623299533076
"1357" 69 63.87 -0.649230521852515
"1358" 69 57.6 0.181121694342282
"1359" 69 47.45 0.770403912286976
"1360" 69 46.44 0.569512247078557
"1361" 69 53.28 0.315049471147894
"1362" 69 58.69 -0.0599483039078208
"1363" 69 52.45 0.609690580120241
"1364" 69 42.02 -0.742979965616444
"1365" 69 33.19 -0.341196635199607
"1366" 69 39.03 -0.167090525352311
"1367" 69 38.47 0.649868913161925
"1368" 70 48.23 0.542726691717435
"1369" 70 34.81 -0.609052188810832
"1370" 70 55.7 -0.769765520977566
"1371" 70 43.17 -1.39922607196394
"1372" 70 40.6 -0.609052188810832
"1373" 70 53.69 1.96236112585693
"1374" 70 38.07 0.355227804189578
"1375" 70 36.24 -1.18494162907496
"1376" 70 42.16 0.248085582745088
"1377" 70 54.11 0.341835026509016
"1378" 70 40.03 0.475762803314629
"1379" 70 59.01 0.904331689092588
"1380" 70 32.85 0.315049471147894
"1381" 70 47.01 0.623083357800802
"1382" 70 39.07 0.515941136356312
"1383" 70 43.82 1.06504502125932
"1384" 70 40.19 0.27487113810621
"1385" 70 40.4 -0.0599483039078208
"1386" 70 50.35 0.475762803314629
"1387" 70 40.58 -0.301018302157923
"1388" 70 47.45 0.636476135481364
"1389" 70 47.09 -0.515302745046903
"1390" 70 48.25 -1.66708162557517
"1391" 70 35.4 -0.0197699708661371
"1392" 70 34.16 -0.38137496824129
"1393" 70 43.34 -0.408160523602413
"1394" 70 37.92 0.542726691717435
"1395" 71 51.02 1.07843779893988
"1396" 71 52.66 -0.0465555262272595
"1397" 71 47.09 -0.140304969991188
"1398" 71 35.97 -0.314411079838484
"1399" 71 36.31 -1.41261884964451
"1400" 71 58.43 0.00701558449498541
"1401" 71 49 2.41771556699601
"1402" 71 31.41 -0.756372743297005
"1403" 71 62.18 -0.247447191435678
"1404" 71 37.45 -2.10904328903369
"1405" 71 37.66 -0.501909967366342
"1406" 71 45.94 -0.649230521852515
"1407" 71 55.05 -1.73404551397798
"1408" 71 37.14 -1.39922607196394
"1409" 71 52.02 -1.73404551397798
"1410" 71 60.94 -0.555481078088587
"1411" 71 39.51 -0.0465555262272595
"1412" 71 52.8 -1.3456549612417
"1413" 71 50.77 1.17218724270381
"1414" 71 61.42 -1.25190551747777
"1415" 71 36.36 0.690047246203609
"1416" 71 36.37 0.0204083621755467
"1417" 72 45.44 -1.06440662994991
"1418" 72 40.68 -1.03762107458879
"1419" 72 36 -0.528695522727464
"1420" 72 41.23 0.315049471147894
"1421" 72 37.95 -1.25190551747777
"1422" 72 31.78 0.341835026509016
"1423" 72 35.52 -1.30547662820002
"1424" 72 30.69 -0.367982190560729
"1425" 72 36.61 -1.06440662994991
"1426" 72 43.73 -0.649230521852515
"1427" 72 33.07 -1.19833440675553
"1428" 72 31.97 -0.48851718968578
"1429" 72 35.68 -0.461731634324658
"1430" 73 62.09 1.05165224357876
"1431" 73 49.85 1.31950779718999
"1432" 73 59.68 0.70344002388417
"1433" 73 65.1 -0.930478853144301
"1434" 73 41.49 -0.70280163257476
"1435" 73 50.53 0.542726691717435
"1436" 73 56.85 0.3820133595507
"1437" 73 61.21 -0.863514964741495
"1438" 73 58.09 -0.341196635199607
"1439" 73 61.68 0.904331689092588
"1440" 73 52.6 -0.783158298658128
"1441" 73 60.88 0.783796689967537
"1442" 73 56.05 -0.367982190560729
"1443" 73 48.99 -1.02422829690823
"1444" 73 55.85 -0.769765520977566
"1445" 73 61.86 -0.609052188810832
"1446" 73 38.58 -0.70280163257476
"1447" 73 47.76 -0.220661636074556
"1448" 73 45.49 -0.180483303032872
"1449" 73 51.27 0.0338011398561079
"1450" 73 58.56 -0.38137496824129
"1451" 73 50.59 0.114157805939475
"1452" 73 52.33 0.181121694342282
"1453" 73 51.51 0.81058224532866
"1454" 73 52.04 -1.35904773892226
"1455" 73 49.87 1.49361390703728
"1456" 73 52.27 0.154336138981159
"1457" 74 46.74 0.70344002388417
"1458" 74 41.73 0.248085582745088
"1459" 74 42.34 -0.997442741547107
"1460" 74 34.11 0.16772891666172
"1461" 74 42.09 -0.970657186185985
"1462" 74 43.17 1.46682835167616
"1463" 74 41.04 -0.394767745921852
"1464" 74 37.77 -0.314411079838484
"1465" 74 35.89 -1.37244051660282
"1466" 74 27.1 -1.19833440675553
"1467" 74 39.63 -0.113519414630066
"1468" 74 28.81 -0.890300520102618
"1469" 74 50.26 -0.247447191435678
"1470" 74 36.96 -0.649230521852515
"1471" 74 43.79 0.502548358675751
"1472" 74 48.46 -0.729587187935883
"1473" 74 45.37 -1.1045849629916
"1474" 75 46.92 -1.78761662470022
"1475" 75 46.08 0.70344002388417
"1476" 75 71.31 -1.86797329078359
"1477" 75 33.09 -1.06440662994991
"1478" 75 68.67 0.00701558449498541
"1479" 75 49.75 0.609690580120241
"1480" 75 53.83 0.27487113810621
"1481" 75 55.72 -1.21172718443609
"1482" 75 45.45 1.6945055722457
"1483" 75 45.37 -0.555481078088587
"1484" 75 46.23 -2.09565051135313
"1485" 75 43.32 -1.97511551222808
"1486" 75 59.8 0.59629780243968
"1487" 75 22.58 -0.461731634324658
"1488" 75 47.71 0.890938911412027
"1489" 75 45.53 -0.783158298658128
"1490" 75 47.37 0.248085582745088
"1491" 75 45.21 -0.475124412005219
"1492" 75 50.99 -1.77422384701966
"1493" 75 53.14 0.328442248828455
"1494" 75 42.25 1.54718501775953
"1495" 75 60.76 -1.37244051660282
"1496" 75 42.59 0.502548358675751
"1497" 76 63.86 0.971295577495395
"1498" 76 57.05 0.864153356050905
"1499" 76 39.52 -0.0331627485466983
"1500" 76 60.05 -0.434946078963535
"1501" 76 56.02 0.797189467648099
"1502" 76 61.22 1.66772001688458
"1503" 76 57.02 -0.421553301282974
"1504" 76 54.91 1.49361390703728
"1505" 76 57.76 -0.542088300408025
"1506" 76 53.31 0.408798914911823
"1507" 76 46.86 0.408798914911823
"1508" 76 57.36 1.53379224007897
"1509" 76 56.55 -0.421553301282974
"1510" 77 36.46 -1.50636829340843
"1511" 77 48.25 0.623083357800802
"1512" 77 30.78 -0.970657186185985
"1513" 77 57.02 -0.742979965616444
"1514" 77 58.51 -0.756372743297005
"1515" 77 35.82 -0.528695522727464
"1516" 77 39.13 0.328442248828455
"1517" 77 47.8 0.0605866952172304
"1518" 77 44.15 -0.542088300408025
"1519" 77 59.43 2.02932501425973
"1520" 77 53.94 -0.742979965616444
"1521" 77 50.34 -0.113519414630066
"1522" 77 49.39 -1.30547662820002
"1523" 77 29.01 -0.153697747671749
"1524" 77 35.99 -0.0197699708661371
"1525" 77 35.07 -0.501909967366342
"1526" 77 41.96 0.355227804189578
"1527" 77 53.31 -1.06440662994991
"1528" 77 47.48 -1.25190551747777
"1529" 77 32.08 0.27487113810621
"1530" 77 52.27 0.93111724445371
"1531" 78 55.08 0.48915558099519
"1532" 78 42.62 -0.903693297783179
"1533" 78 38.36 0.944510022134272
"1534" 78 54.73 -0.70280163257476
"1535" 78 34.9 -0.729587187935883
"1536" 78 30.75 -0.742979965616444
"1537" 78 32.9 -1.519761071089
"1538" 78 33.32 -0.180483303032872
"1539" 78 26.46 0.00701558449498541
"1540" 78 34.64 0.27487113810621
"1541" 78 52.21 -0.327803857519046
"1542" 78 34.92 -0.930478853144301
"1543" 78 39.53 0.100765028258914
"1544" 79 63.51 0.462370025634068
"1545" 79 63.4 -0.367982190560729
"1546" 79 49.91 1.11861613198157
"1547" 79 53.43 1.09183057662045
"1548" 79 48.83 1.90879001513468
"1549" 79 49.93 2.33735890091264
"1550" 79 62.79 1.6945055722457
"1551" 79 64.09 2.14986001338478
"1552" 79 79.49 -0.0197699708661371
"1553" 79 72.55 -0.635837744171954
"1554" 79 84 -0.582266633449709
"1555" 79 57.69 0.154336138981159
"1556" 79 52.53 1.81504057137075
"1557" 80 62.48 1.14540168734269
"1558" 80 42.74 -0.783158298658128
"1559" 80 64.11 0.944510022134272
"1560" 80 53.75 0.743618356925854
"1561" 80 55.42 -0.247447191435678
"1562" 80 53.54 -1.62690329253349
"1563" 80 40.13 -0.234054413755117
"1564" 80 45.13 0.0739794728977916
"1565" 80 61.12 0.0338011398561079
"1566" 80 53.87 0.890938911412027
"1567" 80 47.97 -0.408160523602413
"1568" 80 43.9 0.48915558099519
"1569" 81 48.23 0.100765028258914
"1570" 81 37.81 0.984688355175956
"1571" 81 47.35 -0.448338856644097
"1572" 81 56.62 -0.957264408505424
"1573" 81 44.97 -0.394767745921852
"1574" 81 25.28 0.435584470272945
"1575" 81 54.35 -0.729587187935883
"1576" 81 56.86 -0.180483303032872
"1577" 81 41.63 -0.662623299533076
"1578" 81 55.61 -0.716194410255321
"1579" 81 62.35 -0.461731634324658
"1580" 81 50.82 1.49361390703728
"1581" 81 57.17 0.556119469397996
"1582" 81 36.79 -0.260839969116239
"1583" 81 39.84 1.56057779544009
"1584" 81 32.85 -0.970657186185985
"1585" 81 61.18 -0.301018302157923
"1586" 81 39.68 -0.91708607546374
"1587" 81 41.66 -1.90815162382527
"1588" 81 46.64 -0.528695522727464
"1589" 82 35.15 -0.890300520102618
"1590" 82 32.17 -0.408160523602413
"1591" 82 52.36 -0.421553301282974
"1592" 82 48.27 -0.247447191435678
"1593" 82 25.87 -0.367982190560729
"1594" 83 56.17 -0.515302745046903
"1595" 83 37.91 -1.53315384876956
"1596" 83 38.19 0.0204083621755467
"1597" 83 58.9 -1.30547662820002
"1598" 83 57.52 -0.823336631699811
"1599" 83 52.41 0.957902799814833
"1600" 83 31.98 0.676654468523047
"1601" 83 33.64 0.221300027383965
"1602" 83 47.22 -1.62690329253349
"1603" 83 46.94 -1.64029607021405
"1604" 83 33.09 0.301656693467333
"1605" 83 47.7 -0.609052188810832
"1606" 83 36.01 -0.676016077213638
"1607" 83 39.1 -0.367982190560729
"1608" 84 38.26 -1.53315384876956
"1609" 84 55.33 -1.1715488513944
"1610" 84 37.47 -0.274232746796801
"1611" 84 30.15 0.515941136356312
"1612" 84 44.88 0.877546133731466
"1613" 84 46.05 0.27487113810621
"1614" 84 32.28 -0.970657186185985
"1615" 84 53.84 -0.836729409380373
"1616" 84 46.8 0.676654468523047
"1617" 84 60.35 0.261478360425649
"1618" 84 47.24 -0.287625524477362
"1619" 84 32.95 -1.49297551572787
"1620" 84 43.38 -0.59565941113027
"1621" 84 58.92 0.48915558099519
"1622" 84 36.55 0.770403912286976
"1623" 84 49.53 0.355227804189578
"1624" 84 27.88 0.462370025634068
"1625" 84 42.73 -0.475124412005219
"1626" 84 57.23 -0.850122187060934
"1627" 84 44.32 1.49361390703728
"1628" 84 43.47 -1.55993940413068
"1629" 84 40.07 -1.1045849629916
"1630" 84 34.82 -1.23851273979721
"1631" 84 41.19 -0.0867338592689433
"1632" 85 39.95 0.328442248828455
"1633" 85 66.62 -0.448338856644097
"1634" 85 54.45 0.823975023009221
"1635" 85 30.85 -0.528695522727464
"1636" 85 52.96 0.0204083621755467
"1637" 85 47.43 0.140943361300598
"1638" 85 48.87 1.48022112935672
"1639" 85 58.11 -0.622444966491393
"1640" 85 46.53 1.6275416838429
"1641" 85 50.76 -0.957264408505424
"1642" 85 40.58 0.690047246203609
"1643" 85 58.26 -0.475124412005219
"1644" 85 50.4 -1.37244051660282
"1645" 85 46.87 1.06504502125932
"1646" 85 40.59 0.114157805939475
"1647" 86 47.81 2.20343112410703
"1648" 86 46.43 -0.153697747671749
"1649" 86 64.73 1.96236112585693
"1650" 86 40.79 -0.903693297783179
"1651" 86 54.47 -0.234054413755117
"1652" 86 43.66 0.904331689092588
"1653" 86 54.13 1.09183057662045
"1654" 86 61.37 0.864153356050905
"1655" 86 57.48 -0.301018302157923
"1656" 86 63.36 0.998081132856517
"1657" 86 44.31 -1.19833440675553
"1658" 86 45.53 2.1096816803431
"1659" 86 51.42 0.435584470272945
"1660" 86 60.42 0.59629780243968
"1661" 86 62.56 2.12307445802366
"1662" 86 54.03 0.93111724445371
"1663" 86 60.38 0.837367800689782
"1664" 87 40.5 1.14540168734269
"1665" 87 59.45 1.35968613023167
"1666" 87 55.11 1.05165224357876
"1667" 87 56.21 0.890938911412027
"1668" 87 69.23 1.94896834817637
"1669" 87 63.83 1.02486668821764
"1670" 87 45.59 0.890938911412027
"1671" 87 68.05 1.70789834992626
"1672" 87 62.95 1.30611501950943
"1673" 87 60.81 -0.742979965616444
"1674" 87 60.33 -0.220661636074556
"1675" 87 50.91 0.261478360425649
"1676" 87 58.43 -0.180483303032872
"1677" 87 55.54 1.19897279806494
"1678" 87 68.99 1.44004279631504
"1679" 87 56.11 2.13646723570422
"1680" 87 47.85 0.730225579245292
"1681" 87 46.85 0.368620581870139
"1682" 87 69.55 -1.19833440675553
"1683" 87 47.48 1.4534355739956
"1684" 87 72.19 1.96236112585693
"1685" 87 56.78 1.78825501600963
"1686" 88 53.64 1.01147391053708
"1687" 88 60.68 1.2793294641483
"1688" 88 47.62 -0.354589412880168
"1689" 88 35.31 0.904331689092588
"1690" 88 54.37 0.823975023009221
"1691" 88 61.85 1.41325724095392
"1692" 88 56.25 1.19897279806494
"1693" 88 47.67 -0.180483303032872
"1694" 88 54.13 -0.153697747671749
"1695" 88 49.83 0.408798914911823
"1696" 88 58.58 2.21682390178759
"1697" 88 61.38 1.13200890966213
"1698" 88 56.11 2.53825056612106
"1699" 88 67.77 1.52039946239841
"1700" 88 72.48 1.58736335080121
"1701" 88 35.62 0.783796689967537
"1702" 88 53 -1.30547662820002
"1703" 88 60.69 1.37307890791223
"1704" 88 51.47 -0.421553301282974
"1705" 88 43.35 1.34629335255111
"1706" 88 52.37 0.770403912286976
"1707" 89 47.32 -0.367982190560729
"1708" 89 49.36 0.971295577495395
"1709" 89 68.77 0.823975023009221
"1710" 89 62.32 0.154336138981159
"1711" 89 60.13 1.30611501950943
"1712" 89 48.04 0.154336138981159
"1713" 89 35.16 0.194514472022843
"1714" 89 48.05 0.757011134606415
"1715" 89 56.48 0.944510022134272
"1716" 89 52.96 -0.394767745921852
"1717" 89 43.68 -0.073341081588382
"1718" 89 49.61 0.529333914036874
"1719" 89 68.98 1.22575835342606
"1720" 89 55.09 2.08289612498198
"1721" 89 64.44 1.73468390528739
"1722" 89 48.16 1.48022112935672
"1723" 89 56.4 -0.0197699708661371
"1724" 89 56.35 0.328442248828455
"1725" 89 51.24 0.288263915786771
"1726" 89 50.22 -0.997442741547107
"1727" 89 68.46 0.890938911412027
"1728" 89 53.58 -0.515302745046903
"1729" 89 49.65 1.23915113110662
"1730" 89 65.95 2.25700223482927
"1731" 89 34.77 1.61414890616233
"1732" 89 52.78 1.44004279631504
"1733" 90 38.31 0.730225579245292
"1734" 90 49.74 -0.207268858393994
"1735" 90 57.46 1.73468390528739
"1736" 90 48.22 0.890938911412027
"1737" 90 48.12 0.529333914036874
"1738" 90 59.15 1.35968613023167
"1739" 90 63.94 0.569512247078557
"1740" 90 40.1 -0.421553301282974
"1741" 90 43.41 -0.863514964741495
"1742" 90 59.86 2.33735890091264
"1743" 90 47.28 -0.689408854894199
"1744" 90 28.55 -0.662623299533076
"1745" 90 49.9 1.09183057662045
"1746" 90 42.25 0.716832801564731
"1747" 90 44.14 -0.876907742422056
"1748" 90 46.67 0.770403912286976
"1749" 90 46.91 -0.80994385401925
"1750" 90 56.72 -0.0465555262272595
"1751" 90 49.39 0.154336138981159
"1752" 90 49.56 -0.635837744171954
"1753" 90 38.97 -1.1715488513944
"1754" 90 44.27 -0.421553301282974
"1755" 90 66.26 1.68111279456514
"1756" 90 42.34 1.46682835167616
"1757" 90 40.88 -0.100126636949505
"1758" 90 64.58 -0.247447191435678
"1759" 90 45.16 -0.515302745046903
"1760" 90 54.19 0.690047246203609
"1761" 90 50.73 0.609690580120241
"1762" 90 40.54 -0.0331627485466983
"1763" 91 60.44 1.05165224357876
"1764" 91 40.63 1.19897279806494
"1765" 91 57.74 1.02486668821764
"1766" 91 40.79 -1.05101385226935
"1767" 91 43.21 -0.421553301282974
"1768" 91 50.13 0.91772446677315
"1769" 91 37.08 -1.65368884789461
"1770" 91 48.18 -1.53315384876956
"1771" 91 29.71 -1.09119218531104
"1772" 91 72.43 0.823975023009221
"1773" 91 43.77 -0.354589412880168
"1774" 91 49.18 -0.073341081588382
"1775" 91 47.63 0.301656693467333
"1776" 91 44.94 -0.48851718968578
"1777" 91 59.78 -0.542088300408025
"1778" 91 38.93 -0.609052188810832
"1779" 91 43.63 -1.23851273979721
"1780" 91 51.34 -0.930478853144301
"1781" 91 51 -0.234054413755117
"1782" 91 46.3 0.971295577495395
"1783" 92 56.14 -0.528695522727464
"1784" 92 38.46 -1.06440662994991
"1785" 92 57.21 1.4534355739956
"1786" 92 50.47 -1.53315384876956
"1787" 92 47.34 -1.7608310693391
"1788" 92 47.54 -0.649230521852515
"1789" 92 47.13 -1.97511551222808
"1790" 92 66.16 -0.70280163257476
"1791" 92 59.96 -1.25190551747777
"1792" 92 37.97 0.0605866952172304
"1793" 92 30.17 -1.18494162907496
"1794" 92 54.08 -1.18494162907496
"1795" 92 51.48 -0.863514964741495
"1796" 92 48.79 -1.31886940588058
"1797" 92 47.46 1.35968613023167
"1798" 92 46.31 -1.22511996211665
"1799" 92 60.17 -1.37244051660282
"1800" 92 47.56 0.716832801564731
"1801" 92 26.38 -1.78761662470022
"1802" 92 42.77 -0.903693297783179
"1803" 93 61.1 0.944510022134272
"1804" 93 36.34 0.0605866952172304
"1805" 93 33.71 0.355227804189578
"1806" 93 67.09 -0.984049963866546
"1807" 93 48.08 0.890938911412027
"1808" 93 44.74 0.864153356050905
"1809" 93 50.43 -0.582266633449709
"1810" 93 66.19 0.850760578370343
"1811" 93 64.52 1.22575835342606
"1812" 93 49.29 1.60075612848177
"1813" 93 60.45 0.582905024759119
"1814" 93 50.49 -0.287625524477362
"1815" 93 44.1 -0.073341081588382
"1816" 93 51.03 1.6945055722457
"1817" 93 34.54 -1.39922607196394
"1818" 93 62.06 0.127550583620037
"1819" 93 62.59 0.59629780243968
"1820" 93 62.27 1.2793294641483
"1821" 93 50.11 0.48915558099519
"1822" 93 39.9 0.716832801564731
"1823" 93 52.78 0.502548358675751
"1824" 93 52.19 -1.21172718443609
"1825" 93 42.4 0.663261690842486
"1826" 93 58.32 -0.0197699708661371
"1827" 93 56 1.74807668296795
"1828" 94 36.67 -0.207268858393994
"1829" 94 56.94 -0.193876080713433
"1830" 94 50.32 1.97575390353749
"1831" 94 51.76 0.448977247953506
"1832" 94 38.85 0.0873722505783528
"1833" 94 43.8 -1.13137051835272
"1834" 94 45.33 -1.27869107283889
"1835" 94 49.19 -0.48851718968578
"1836" 95 59.4 0.48915558099519
"1837" 95 30.76 -1.21172718443609
"1838" 95 48.84 -0.662623299533076
"1839" 95 46.12 1.31950779718999
"1840" 95 45.57 -0.943871630824863
"1841" 95 38.25 -1.05101385226935
"1842" 95 31.2 -1.35904773892226
"1843" 95 51.25 -0.287625524477362
"1844" 95 44.4 0.529333914036874
"1845" 95 47.2 -0.528695522727464
"1846" 95 60.47 2.33735890091264
"1847" 95 59.81 1.52039946239841
"1848" 95 41.22 -1.26529829515833
"1849" 95 37.78 -1.50636829340843
"1850" 95 46.38 -0.501909967366342
"1851" 95 40.2 0.194514472022843
"1852" 95 32.59 -0.100126636949505
"1853" 95 46.54 0.288263915786771
"1854" 95 41.39 0.194514472022843
"1855" 95 49.8 -0.140304969991188
"1856" 95 44.59 -0.957264408505424
"1857" 95 31.56 -0.38137496824129
"1858" 95 43.61 -1.3456549612417
"1859" 95 43.66 -2.20279273279762
"1860" 95 62.82 -0.716194410255321
"1861" 96 34.08 0.140943361300598
"1862" 96 42.45 0.154336138981159
"1863" 96 51.4 0.422191692592384
"1864" 96 49.71 0.462370025634068
"1865" 96 46.13 0.93111724445371
"1866" 96 68.22 1.56057779544009
"1867" 96 54.47 -0.461731634324658
"1868" 96 29.19 -1.23851273979721
"1869" 96 37.22 0.341835026509016
"1870" 96 47.24 0.797189467648099
"1871" 96 45.11 -0.354589412880168
"1872" 96 52.29 -0.38137496824129
"1873" 96 51.76 0.48915558099519
"1874" 96 47.08 -1.54654662645012
"1875" 96 41.26 -0.984049963866546
"1876" 96 46.85 -0.260839969116239
"1877" 96 46.12 0.81058224532866
"1878" 96 47.52 0.663261690842486
"1879" 96 46.23 -0.354589412880168
"1880" 96 51.02 -1.53315384876956
"1881" 96 52.68 -0.341196635199607
"1882" 97 32.11 -1.69386718093629
"1883" 97 53.89 -1.07779940763047
"1884" 97 46.11 -0.153697747671749
"1885" 97 51.3 0.770403912286976
"1886" 97 45.62 -0.274232746796801
"1887" 97 41.36 -1.07779940763047
"1888" 97 48.98 -0.220661636074556
"1889" 97 57.27 0.582905024759119
"1890" 97 36.79 -1.33226218356114
"1891" 97 31.97 -1.77422384701966
"1892" 97 53.89 1.35968613023167
"1893" 97 50.54 -1.81440218006134
"1894" 97 34.89 0.448977247953506
"1895" 97 51.57 0.435584470272945
"1896" 97 35 -0.314411079838484
"1897" 97 57.81 1.25254390878718
"1898" 97 58.98 0.288263915786771
"1899" 97 37.4 1.64093446152346
"1900" 97 31.91 -0.635837744171954
"1901" 97 56.78 1.25254390878718
"1902" 97 48.43 -0.073341081588382
"1903" 97 40.65 0.877546133731466
"1904" 97 57.64 0.59629780243968
"1905" 97 49.19 0.59629780243968
"1906" 97 36.75 -0.341196635199607
"1907" 97 35.97 -0.0599483039078208
"1908" 97 52.68 -0.314411079838484
"1909" 98 49.6 -0.341196635199607
"1910" 98 64.88 1.30611501950943
"1911" 98 54.14 -0.260839969116239
"1912" 98 49.68 -0.555481078088587
"1913" 98 57.53 1.56057779544009
"1914" 98 61.81 1.46682835167616
"1915" 98 57.62 0.743618356925854
"1916" 98 27.87 0.435584470272945
"1917" 98 41.18 -0.153697747671749
"1918" 98 68.95 0.783796689967537
"1919" 98 50.43 1.23915113110662
"1920" 98 65.62 1.30611501950943
"1921" 98 34.81 -1.06440662994991
"1922" 98 34.45 -0.850122187060934
"1923" 98 48.77 -0.301018302157923
"1924" 98 59.68 0.797189467648099
"1925" 98 71.65 -1.31886940588058
"1926" 98 57.7 0.623083357800802
"1927" 98 59.19 -0.79655107633869
"1928" 98 47.8 -0.501909967366342
"1929" 98 62.73 0.757011134606415
"1930" 98 59.31 1.81504057137075
"1931" 98 36.19 -1.53315384876956
"1932" 98 55.36 0.93111724445371
"1933" 98 45.34 0.00701558449498541
"1934" 98 60.27 1.29272224182886
"1935" 98 57.31 -1.19833440675553
"1936" 98 53.32 -1.23851273979721
"1937" 98 43.81 -1.18494162907496
"1938" 98 52.49 -1.09119218531104
"1939" 98 52.61 0.877546133731466
"1940" 99 44.37 -0.756372743297005
"1941" 99 58.12 -1.11797774067216
"1942" 99 50.76 -0.247447191435678
"1943" 99 53.41 -0.676016077213638
"1944" 99 59.47 2.1096816803431
"1945" 99 47.92 0.837367800689782
"1946" 99 58.59 0.368620581870139
"1947" 99 51.18 0.582905024759119
"1948" 99 62.03 -0.542088300408025
"1949" 99 52.52 0.0338011398561079
"1950" 99 49.41 -1.53315384876956
"1951" 99 45.14 -0.970657186185985
"1952" 99 56.6 1.30611501950943
"1953" 99 50.14 0.649868913161925
"1954" 99 45.59 -1.41261884964451
"1955" 99 64.56 0.663261690842486
"1956" 99 53.19 0.368620581870139
"1957" 99 49.29 2.02932501425973
"1958" 99 62.04 1.52039946239841
"1959" 99 46.03 -0.073341081588382
"1960" 99 48.52 0.636476135481364
"1961" 99 34.53 -1.19833440675553
"1962" 99 40.65 -1.27869107283889
"1963" 99 49.38 1.19897279806494
"1964" 100 49.45 -0.48851718968578
"1965" 100 62.16 -0.80994385401925
"1966" 100 50.38 -1.39922607196394
"1967" 100 39.93 -1.06440662994991
"1968" 100 33.23 1.02486668821764
"1969" 100 48.59 1.01147391053708
"1970" 100 62.84 1.49361390703728
"1971" 100 50.1 0.716832801564731
"1972" 100 34.55 0.623083357800802
"1973" 100 59.14 -0.220661636074556
"1974" 100 50.54 0.797189467648099
"1975" 100 39.09 -1.74743829165854
"1976" 100 54.6 -1.31886940588058
"1977" 100 39.59 -1.519761071089
"1978" 100 47.87 -1.13137051835272
"1979" 100 58.69 1.58736335080121
"1980" 100 52.53 0.181121694342282
"1981" 100 50.49 -0.970657186185985
"1982" 100 36.77 0.0204083621755467
"1983" 100 50.11 0.649868913161925
"1984" 100 62.42 1.58736335080121
"1985" 100 50.71 0.435584470272945
"1986" 100 43.24 -1.30547662820002
"1987" 100 56.25 -1.21172718443609
"1988" 100 38.42 -1.53315384876956
"1989" 100 54.95 0.234692805064526
"1990" 100 30.29 -0.823336631699811
"1991" 100 47.66 0.890938911412027
"1992" 100 55.43 -0.421553301282974
"1993" 100 29.73 0.154336138981159
